0600,3DE9,FE78,0000,0000
0701,0000,0000,0000,0000
0702,0000,0000,0000,0000
0703,0000,0000,0000,0000
0704,0000,0000,0000,0000
0705,0000,0000,0000,0000
0706,0000,0000,0000,0000
0707,0000,0000,0000,0000
0708,0000,0000,0000,0000
0709,0000,0000,0000,0000
070A,0000,0000,0000,0000
070B,0000,0000,0000,0000
060C,0000,0200,2180,707E
060D,0000,0000,0A70,0000
060E,0000,0000,4200,8820
060F,0010,0000,1B0E,8721
0610,0070,0200,21E1,0CE7
0611,0070,0200,13A7,67FF
0612,0050,0300,3B31,8B3D
0613,0030,0300,3071,06F4
